number of dice: 4
biases of each die:
[[0.09681609 0.26440842 0.11446473 0.25798391 0.18345238 0.08287447]
 [0.09681609 0.26440842 0.11446473 0.25798391 0.18345238 0.08287447]
 [0.09681609 0.26440842 0.11446473 0.25798391 0.18345238 0.08287447]
 [0.09681609 0.26440842 0.11446473 0.25798391 0.18345238 0.08287447]]
transition probabilities:
[[0.13196079 0.36038994 0.15601597 0.3516333 ]
 [0.13196079 0.36038994 0.15601597 0.3516333 ]
 [0.13196079 0.36038994 0.15601597 0.3516333 ]
 [0.13196079 0.36038994 0.15601597 0.3516333 ]]
procedure: see additional documents
